1 2
2 2
15 15
45 45
48 48
52 52
56 57
59 59
61 61
67 73
75 88
95 97
99 102
104 108
110 113
117 119
125 128
130 130
135 139
141 141
143 149
151 151
153 154
156 156
159 160
165 165
168 168
171 172
185 186
188 192
197 198
212 212
222 222
226 227
229 229
231 231
233 236
238 238
241 245
248 252
254 257
260 260
262 268
270 273
276 290
292 293
295 301
304 305
307 315
317 319
324 333
335 337
340 340
342 342
356 363
365 375
377 402
404 407
410 410
412 412
418 418
421 425
428 429
432 434
436 441
444 448
450 450
452 452
454 454
460 464
466 466
478 481
483 489
491 491
495 500
502 502
506 507
510 510
512 512
515 515
522 523
535 535
540 540
544 548
550 550
553 553
567 567
570 570
572 572
574 575
578 579
612 612
617 617
621 621
625 626
629 630
634 635
638 643
645 645
649 651
653 654
656 657
661 661
663 663
666 667
670 670
672 672
674 675
678 683
685 696
698 698
723 724
727 727
729 729
736 736
740 740
742 743
745 747
749 752
754 754
758 765
768 768
773 773
776 776
779 786
788 791
793 794
796 805
815 819
821 821
823 825
827 827
829 830
833 849
851 871
873 873
875 881
883 883
885 893
896 896
898 898
900 900
902 904
906 906
909 909
911 911
913 913
915 919
921 921
924 930
932 937
941 947
949 949
951 951
959 963
965 966
973 982
984 992
996 997
999 1003
1005 1005
1007 1019
1021 1021
1024 1024
1027 1028
1030 1031
1033 1039
1041 1044
1047 1048
1051 1052
1060 1061
1066 1070
1073 1073
1075 1075
1077 1077
1079 1082
1084 1084
1088 1088
1093 1093
1100 1100
1103 1106
1111 1112
1120 1124
1127 1128
1130 1130
1136 1138
1140 1144
1146 1146
1148 1152
1155 1155
1157 1158
1160 1176
1179 1179
1181 1182
1184 1184
1186 1187
1190 1192
1195 1196
1205 1205
1207 1211
1214 1222
1224 1228
1230 1230
1232 1235
1237 1237
1241 1245
1252 1253
1256 1256
1273 1274
1281 1281
1283 1283
1289 1289
1294 1294
1305 1305
1316 1316
1339 1339
1349 1349
1354 1354
1356 1356
1364 1364
1434 1434
1469 1469
1471 1471
1501 1502
1571 1571
1573 1573
1771 1771
2393 2393
